33   
41   
42   
45   
56   
66   
68   
93   
97   
123   
135   
137   
141   
150   
156   
172   
180   
182   
182   
183   
188   
189   
190   
193   
194   
194   
205   
213   
216   
223   
227   
229   
232   
234   
248   
254   
259   
260   
278   
286   
294   
323   
326   
326   
344   
346   
357   
378   
384   
411   
423   
465   
467   
470   
479   
487   
511   
556   
562   
577   
605   
611   
627   
657   
663   
664   
665   
687   
689   
695   
703   
707   
717   
735   
747   
752   
770   
777   
785   
793   
793   
810   
822   
827   
832   
834   
836   
852   
860   
874   
879   
880   
906   
916   
936   
952   
964   
986   
987   
992   
