20   
21   
34   
37   
84   
100   
119   
127   
132   
138   
153   
158   
158   
160   
163   
166   
172   
195   
200   
214   
215   
224   
231   
251   
257   
263   
286   
287   
290   
291   
296   
315   
322   
327   
334   
345   
349   
360   
361   
368   
400   
404   
412   
414   
438   
466   
473   
475   
479   
485   
493   
529   
545   
562   
592   
599   
603   
609   
621   
624   
627   
631   
637   
637   
641   
650   
663   
668   
670   
680   
683   
694   
727   
729   
756   
770   
774   
785   
791   
824   
834   
841   
851   
856   
859   
865   
865   
874   
882   
905   
917   
933   
941   
941   
950   
969   
973   
977   
980   
993   
