20
21
33
34
37
41
42
45
56
66
68
84
93
97
100
119
123
127
132
135
137
138
141
150
153
156
158
158
160
163
166
172
172
180
182
182
183
188
189
190
193
194
194
195
200
205
213
214
215
216
223
224
227
229
231
232
234
248
251
254
257
259
260
263
278
286
286
287
290
291
294
296
315
322
323
326
326
327
334
344
345
346
349
357
360
361
368
378
384
400
404
411
412
414
423
438
465
466
467
470
473
475
479
479
485
487
493
511
529
545
556
562
562
577
592
599
603
605
609
611
621
624
627
627
631
637
637
641
650
657
663
663
664
665
668
670
680
683
687
689
694
695
703
707
717
727
729
735
747
752
756
770
770
774
777
785
785
791
793
793
810
822
824
827
832
834
834
836
841
851
852
856
859
860
865
865
874
874
879
880
882
905
906
916
917
933
936
941
941
950
952
964
969
973
977
980
986
987
992
993
