3   
11   
13   
15   
16   
33   
50   
62   
83   
94   
97   
98   
116   
118   
139   
152   
158   
167   
181   
181   
223   
228   
250   
251   
263   
286   
291   
314   
314   
317   
320   
327   
346   
354   
365   
367   
367   
394   
399   
401   
403   
419   
424   
439   
475   
476   
496   
502   
517   
523   
528   
552   
556   
588   
593   
594   
596   
609   
618   
622   
623   
642   
652   
670   
694   
696   
708   
726   
734   
743   
754   
767   
768   
781   
790   
792   
801   
801   
804   
815   
816   
823   
841   
846   
861   
862   
874   
885   
888   
888   
893   
926   
927   
927   
942   
947   
950   
964   
969   
972   
