9   
23   
29   
32   
45   
54   
59   
64   
99   
109   
121   
133   
133   
149   
205   
208   
223   
224   
234   
243   
245   
261   
265   
281   
305   
315   
322   
338   
345   
359   
372   
380   
382   
385   
399   
421   
423   
431   
443   
452   
453   
458   
459   
467   
467   
481   
481   
484   
490   
520   
534   
539   
540   
552   
552   
555   
573   
580   
612   
623   
638   
642   
644   
654   
661   
677   
699   
700   
706   
706   
717   
723   
731   
736   
739   
749   
749   
753   
757   
779   
788   
794   
814   
843   
849   
860   
875   
878   
881   
883   
883   
888   
893   
904   
911   
924   
954   
975   
983   
998   
